7, 1, 3
7, 1, 4
3, 1, 6
11, 2, 3
3, 2, 7
3, 3, 3
7, 3, 3
1, 3, 5
3, 3, 5
7, 3, 5
5, 4, 3
5, 4, 4
3, 4, 6
1, 5, 2
3, 5, 2
3, 5, 3
5, 6, 3
9, 6, 3
11, 6, 3
15, 6, 3
3, 6, 4
5, 6, 4
1, 7, 4
9, 8, 3
7, 9, 1
15, 9, 1
3, 9, 2
7, 9, 3
15, 10, 1
3, 10, 4
5, 10, 4
1, 11, 2
5, 12, 0
5, 12, 1
9, 12, 1
11, 12, 1
11, 12, 2
3, 12, 4
1, 13, 0
9, 13, 0
7, 13, 1
5, 14, 0
15, 14, 0
15, 14, 1
3, 14, 2
9, 15, 0
7, 15, 1
9, 16, 1
1, 17, 0
7, 17, 0
15, 17, 0
7, 17, 1
1, 17, 2
3, 18, 0
5, 18, 0
9, 18, 1
3, 18, 2
1, 19, 0
7, 19, 1
7, 21, 0
9, 21, 0
5, 22, 1
1, 23, 1
3, 24, 1
