3, 1, 5
9, 1, 5
11, 1, 5
1, 1, 6
7, 1, 6
9, 1, 6
11, 1, 7
9, 1, 9
3, 1, 11
13, 2, 5
11, 2, 6
9, 2, 7
3, 2, 8
1, 2, 9
3, 2, 9
7, 2, 9
1, 3, 4
1, 3, 8
7, 3, 8
1, 3, 10
3, 3, 10
1, 4, 5
1, 4, 7
3, 5, 4
7, 5, 4
9, 5, 4
7, 5, 6
9, 5, 7
1, 5, 8
17, 6, 4
1, 6, 5
3, 6, 5
7, 6, 5
9, 6, 5
13, 6, 5
3, 6, 6
1, 6, 7
1, 7, 4
3, 7, 4
3, 7, 5
3, 7, 7
7, 7, 8
1, 8, 5
7, 8, 5
1, 8, 7
3, 8, 7
1, 9, 2
7, 9, 2
13, 9, 2
3, 9, 3
3, 9, 5
9, 9, 5
3, 9, 6
1, 10, 1
3, 10, 1
7, 10, 1
17, 11, 1
1, 11, 2
9, 11, 3
3, 11, 4
1, 11, 8
1, 12, 1
13, 12, 1
11, 12, 2
7, 12, 3
1, 13, 0
9, 13, 0
13, 13, 2
11, 13, 3
1, 14, 1
3, 14, 1
9, 14, 1
3, 14, 3
9, 14, 3
9, 15, 0
9, 15, 1
11, 15, 1
3, 15, 3
9, 15, 3
1, 15, 4
3, 15, 4
7, 15, 4
17, 16, 0
9, 16, 1
3, 16, 5
1, 17, 0
7, 17, 0
3, 17, 1
1, 17, 2
3, 17, 4
3, 18, 0
1, 18, 1
3, 18, 2
3, 18, 4
1, 19, 0
3, 19, 2
7, 20, 1
3, 20, 2
7, 21, 0
9, 21, 0
7, 21, 2
3, 22, 2
1, 23, 2
