9, 12, 11
9, 13, 10
7, 14, 9
7, 14, 11
1, 14, 13
9, 15, 9
13, 16, 9
3, 16, 12
5, 17, 9
7, 17, 10
3, 18, 9
1, 18, 11
3, 18, 12
5, 20, 8
5, 20, 10
15, 21, 7
1, 21, 8
5, 21, 9
1, 22, 9
3, 23, 8
9, 23, 8
1, 25, 6
5, 26, 6
1, 26, 9
3, 27, 5
1, 27, 8
3, 27, 9
3, 28, 5
13, 28, 5
7, 29, 6
5, 29, 7
3, 31, 5
1, 31, 6
5, 31, 7
5, 32, 4
3, 32, 8
5, 34, 6
1, 35, 4
9, 35, 5
1, 35, 6
3, 36, 4
9, 37, 3
3, 38, 4
15, 40, 2
9, 40, 3
5, 41, 1
1, 41, 4
3, 42, 1
13, 42, 1
3, 42, 3
3, 42, 4
3, 43, 1
1, 43, 2
15, 44, 1
5, 44, 2
7, 45, 0
7, 45, 2
3, 46, 1
5, 48, 0
1, 50, 1
3, 50, 2
