5, 44, 41
5, 44, 46
13, 45, 42
1, 45, 43
5, 45, 48
5, 46, 42
1, 46, 45
7, 47, 45
11, 48, 39
11, 48, 43
5, 48, 45
11, 49, 39
5, 49, 40
13, 50, 40
1, 51, 37
1, 51, 44
5, 53, 43
5, 54, 36
17, 58, 32
7, 58, 33
5, 58, 39
7, 59, 34
7, 60, 34
11, 61, 32
13, 62, 32
1, 63, 29
11, 63, 29
11, 63, 30
7, 63, 33
17, 64, 30
5, 64, 31
5, 64, 33
7, 64, 34
5, 64, 36
5, 65, 31
7, 66, 29
5, 66, 34
5, 66, 36
17, 67, 26
11, 67, 28
11, 67, 29
7, 67, 30
7, 67, 33
11, 68, 30
11, 68, 31
17, 69, 27
7, 69, 32
5, 70, 25
7, 70, 25
17, 70, 25
13, 70, 27
7, 70, 30
7, 72, 23
17, 72, 24
1, 73, 30
11, 74, 23
1, 74, 25
17, 75, 21
1, 75, 26
13, 76, 22
11, 76, 26
5, 76, 27
1, 77, 30
7, 78, 26
1, 79, 20
11, 79, 20
11, 79, 22
11, 80, 19
1, 80, 21
13, 80, 21
5, 81, 21
13, 82, 18
1, 82, 23
1, 82, 27
5, 83, 18
7, 83, 22
