9, 12, 13
1, 13, 17
11, 14, 13
3, 14, 16
15, 15, 11
3, 15, 15
17, 16, 10
1, 17, 10
5, 18, 11
5, 18, 12
3, 18, 13
9, 19, 9
15, 19, 9
1, 19, 11
1, 19, 12
1, 19, 15
3, 20, 11
5, 22, 11
3, 24, 10
1, 25, 8
1, 25, 12
3, 26, 12
5, 28, 8
1, 29, 6
3, 30, 8
5, 30, 9
9, 31, 5
11, 32, 6
5, 32, 9
9, 33, 4
1, 33, 5
9, 35, 5
3, 36, 3
9, 36, 3
5, 36, 5
9, 37, 3
1, 37, 6
3, 38, 5
1, 39, 2
9, 39, 2
15, 39, 2
15, 39, 3
3, 39, 4
3, 39, 5
9, 39, 6
3, 40, 2
11, 40, 2
1, 41, 4
3, 42, 6
9, 43, 4
5, 44, 1
3, 44, 2
3, 44, 3
1, 45, 1
9, 45, 2
13, 47, 1
5, 48, 0
11, 50, 0
3, 51, 1
