1, 1, 4
1, 1, 5
15, 1, 5
13, 1, 6
3, 1, 7
9, 1, 7
3, 2, 5
9, 2, 5
11, 2, 5
5, 2, 7
9, 2, 7
5, 2, 8
1, 3, 4
9, 3, 4
13, 3, 4
9, 3, 5
1, 3, 7
9, 4, 3
5, 4, 5
11, 4, 5
3, 4, 7
1, 5, 4
3, 5, 5
1, 5, 6
1, 5, 8
9, 6, 3
3, 6, 4
5, 6, 4
11, 6, 4
1, 7, 2
3, 7, 3
9, 7, 5
9, 7, 6
3, 8, 4
3, 8, 6
5, 8, 6
1, 9, 2
1, 9, 4
3, 9, 5
3, 10, 1
5, 10, 1
15, 10, 2
3, 10, 4
9, 11, 1
5, 12, 0
3, 12, 2
1, 13, 0
9, 13, 0
3, 13, 1
13, 13, 1
1, 13, 2
9, 13, 2
5, 14, 0
15, 14, 0
9, 14, 1
11, 14, 1
9, 15, 0
13, 15, 1
1, 15, 2
9, 16, 1
5, 16, 3
1, 17, 0
1, 17, 1
3, 18, 0
5, 18, 0
3, 18, 1
1, 19, 0
5, 20, 1
9, 21, 0
1, 21, 1
