11, 12, 22
1, 12, 23
7, 12, 23
1, 12, 25
1, 14, 19
7, 14, 24
11, 14, 24
5, 14, 26
5, 15, 22
5, 15, 23
5, 15, 26
13, 16, 20
11, 16, 21
13, 16, 21
5, 16, 24
5, 17, 18
5, 17, 23
5, 17, 24
11, 18, 19
7, 18, 21
5, 18, 24
11, 19, 16
11, 19, 22
5, 21, 17
7, 21, 21
1, 22, 15
7, 22, 18
5, 22, 20
1, 23, 16
5, 23, 23
7, 24, 19
7, 25, 19
5, 25, 21
11, 26, 12
5, 27, 11
13, 27, 12
1, 27, 13
5, 27, 20
5, 29, 10
17, 29, 11
1, 29, 12
5, 29, 13
11, 30, 11
7, 30, 13
1, 31, 12
1, 31, 13
11, 31, 14
1, 32, 9
13, 32, 9
13, 32, 10
1, 32, 15
5, 32, 16
1, 33, 7
1, 33, 8
17, 33, 8
7, 33, 9
1, 33, 10
5, 33, 10
5, 34, 8
17, 34, 8
11, 34, 9
1, 34, 13
7, 35, 7
5, 35, 8
1, 35, 12
1, 36, 7
11, 36, 7
7, 36, 11
5, 37, 9
5, 37, 10
7, 37, 11
5, 37, 12
5, 37, 13
1, 37, 14
5, 37, 14
7, 38, 4
1, 38, 5
7, 38, 6
11, 38, 7
5, 38, 8
11, 38, 9
7, 38, 10
1, 38, 13
5, 39, 8
11, 40, 5
7, 40, 8
5, 40, 9
1, 41, 12
11, 42, 3
7, 42, 4
11, 42, 4
13, 42, 4
5, 42, 5
1, 43, 1
11, 43, 1
1, 43, 2
11, 43, 4
5, 43, 6
1, 43, 8
7, 44, 3
1, 44, 5
7, 45, 0
5, 45, 4
5, 45, 8
11, 46, 1
5, 46, 4
1, 46, 9
5, 47, 6
5, 48, 0
7, 48, 3
11, 48, 3
11, 49, 3
11, 50, 0
1, 50, 7
7, 51, 1
