1, 1, 7
17, 1, 7
1, 1, 8
5, 1, 8
11, 1, 8
13, 1, 9
5, 1, 10
7, 1, 11
1, 1, 12
5, 1, 14
1, 2, 7
13, 2, 7
7, 2, 8
11, 2, 8
13, 2, 8
11, 2, 9
5, 2, 10
13, 2, 10
5, 2, 11
11, 2, 11
7, 2, 12
1, 2, 15
7, 3, 6
11, 3, 6
7, 3, 7
1, 3, 10
5, 3, 10
11, 3, 10
5, 3, 14
1, 3, 17
7, 4, 6
13, 4, 6
5, 4, 7
7, 4, 7
1, 4, 9
11, 4, 9
7, 4, 11
5, 4, 12
7, 4, 12
1, 4, 13
5, 4, 13
5, 4, 15
1, 5, 6
5, 5, 6
5, 5, 7
7, 5, 7
13, 5, 7
11, 5, 8
7, 5, 9
5, 5, 12
5, 5, 13
5, 5, 14
1, 6, 5
7, 6, 5
5, 6, 6
13, 6, 6
1, 6, 7
13, 6, 7
5, 6, 9
11, 6, 9
5, 7, 7
11, 7, 8
1, 7, 9
7, 7, 10
5, 7, 12
1, 7, 13
1, 8, 3
7, 8, 3
1, 8, 5
5, 9, 2
5, 9, 3
11, 9, 3
17, 9, 3
1, 9, 10
17, 10, 2
1, 10, 3
5, 10, 3
11, 10, 3
7, 10, 4
7, 10, 8
1, 11, 1
7, 11, 2
11, 11, 2
17, 11, 2
7, 11, 3
13, 11, 3
17, 11, 3
1, 11, 4
1, 11, 5
5, 11, 5
5, 11, 8
5, 12, 0
13, 12, 2
17, 12, 2
7, 12, 3
7, 12, 4
1, 12, 5
5, 12, 5
5, 12, 6
1, 13, 0
7, 13, 1
1, 13, 2
5, 13, 3
5, 14, 0
5, 14, 1
5, 14, 2
7, 14, 2
1, 14, 3
11, 14, 3
1, 15, 2
5, 15, 2
5, 15, 4
5, 15, 5
1, 15, 8
17, 16, 0
5, 16, 2
7, 16, 2
5, 16, 3
7, 16, 4
1, 17, 0
7, 17, 0
5, 17, 1
1, 17, 4
1, 17, 6
5, 17, 6
5, 18, 0
1, 18, 1
7, 18, 1
5, 18, 4
1, 18, 5
5, 18, 5
1, 19, 0
5, 20, 5
7, 21, 0
1, 21, 2
5, 21, 3
1, 21, 4
5, 21, 4
5, 22, 2
