9, 12, 15
3, 12, 16
3, 12, 17
7, 13, 14
1, 13, 16
9, 13, 17
3, 13, 19
3, 14, 13
1, 14, 15
13, 14, 15
11, 14, 16
3, 15, 16
9, 16, 13
13, 16, 13
3, 17, 12
9, 17, 13
11, 17, 13
3, 17, 14
7, 17, 16
11, 18, 14
7, 18, 15
11, 19, 11
1, 20, 13
7, 20, 15
11, 21, 11
3, 21, 14
3, 22, 14
1, 22, 15
1, 23, 14
3, 23, 15
1, 24, 11
3, 26, 13
1, 27, 8
3, 27, 8
7, 27, 8
9, 27, 9
13, 28, 7
1, 28, 11
3, 29, 8
7, 29, 10
1, 29, 14
1, 30, 7
13, 30, 7
3, 30, 9
3, 30, 11
9, 31, 6
3, 31, 7
11, 31, 7
13, 31, 8
1, 31, 10
11, 32, 6
7, 32, 7
1, 32, 11
17, 33, 5
7, 33, 8
1, 34, 5
3, 34, 6
1, 34, 11
7, 35, 4
1, 37, 6
7, 38, 5
9, 39, 4
11, 39, 5
9, 39, 6
7, 39, 8
11, 40, 2
11, 40, 4
7, 41, 2
3, 41, 8
17, 42, 2
3, 43, 2
13, 43, 2
3, 43, 6
7, 44, 1
1, 44, 3
3, 44, 3
1, 44, 5
7, 45, 0
9, 45, 3
1, 45, 4
3, 45, 6
7, 47, 2
1, 48, 1
3, 48, 4
1, 48, 5
3, 49, 2
11, 50, 0
