7, 1, 4
9, 1, 4
1, 2, 3
3, 2, 3
3, 2, 4
5, 2, 4
13, 2, 5
1, 2, 7
5, 3, 3
1, 3, 4
3, 3, 4
13, 3, 4
5, 3, 5
3, 3, 7
13, 4, 3
15, 4, 3
9, 5, 4
5, 5, 5
3, 6, 3
5, 6, 4
1, 6, 5
3, 6, 6
5, 7, 3
3, 8, 4
3, 8, 5
1, 9, 4
3, 10, 1
9, 11, 1
15, 11, 1
3, 11, 2
13, 11, 2
5, 12, 0
13, 12, 1
15, 12, 1
3, 12, 2
3, 12, 4
1, 13, 0
9, 13, 0
7, 13, 2
5, 14, 0
15, 14, 0
7, 14, 1
3, 14, 2
3, 14, 3
9, 15, 0
5, 15, 1
9, 15, 2
3, 15, 3
1, 17, 0
7, 17, 0
7, 17, 2
3, 18, 0
5, 18, 0
1, 19, 0
3, 19, 2
3, 20, 2
7, 21, 0
9, 21, 0
1, 21, 2
3, 22, 1
